30001794	KABR	ABERDEEN	SD	45	27	21	-98	24	48	421
30001795	KABX	ALBUQUERQUE	NM	35	8	59	-106	49	26	1813
30001796	KAKQ	NORFOLK_RICH	VA	36	59	3	-77	0	26	77
30001797	KAMA	AMARILLO	TX	35	13	60	-101	42	33	1128
30001798	KAMX	MIAMI	FL	25	36	40	-80	24	46	33
30001799	KAPX	GAYLORD	MI	44	54	23	-84	43	10	475
30001800	KARX	LA_CROSSE	WI	43	49	22	-91	11	28	413
30001801	KATX	SEATTLE	WA	48	11	41	-122	29	44	195
30001802	KBBX	BEALE_AFB	CA	39	29	44	-121	37	54	67
30001807	KBGM	BINGHAMTON	NY	42	11	59	-75	59	5	519
30001808	KBHX	EUREKA	CA	40	29	55	-124	17	32	766
30001809	KBIS	BISMARCK	ND	46	46	15	-100	45	38	534
30001811	KBLX	BILLINGS	MT	45	51	14	-108	36	24	1128
30001812	KBMX	BIRMINGHAM	AL	33	10	21	-86	46	13	231
30001813	KBOX	BOSTON	MA	41	57	21	-71	8	13	70
30001814	KBRO	BROWNSVILLE	TX	25	54	58	-97	25	8	26
30001815	KBUF	BUFFALO	NY	42	56	56	-78	44	12	240
30001816	KBYX	KEY_WEST	FL	24	35	51	-81	42	11	27
30001781	KCAE	COLUMBIA	SC	33	56	55	-81	7	6	105
30001782	KCBW	HOULTON	ME	46	2	21	-67	48	23	262
30001817	KCBX	BOISE	ID	43	29	25	-116	14	10	966
30001783	KCCX	STATE_COLLEGE	PA	40	55	23	-78	0	13	757
30001818	KCLE	CLEVELAND	OH	41	24	48	-81	51	36	262
30001819	KCLX	CHARLESTON	SC	32	39	20	-81	2	32	69
30078819	KCRI	ROC_FAA_REDUNDA	OK	35	14	18	-97	27	36	400
30001821	KCRP	CORPUS_CHRISTI	TX	27	47	2	-97	30	41	43
30001822	KCXX	BURLINGTON	VT	44	30	40	-73	9	59	131
30001823	KCYS	CHEYENNE	WY	41	9	7	-104	48	22	1887
30001824	KDAX	SACRAMENTO	CA	38	30	4	-121	40	40	43
30001825	KDDC	DODGE_CITY	KS	37	45	39	-99	58	8	814
30001826	KDFX	LAUGHLIN_AFB	TX	29	16	23	-100	16	49	364
30001827	KDGX	JACKSON_BRANDON	MS	32	16	48	-89	59	4	185
30001828	KDIX	PHILADELPHIA	NJ	39	56	50	-74	24	39	70
30001829	KDLH	DULUTH	MN	46	50	13	-92	12	35	470
30001830	KDMX	DES_MOINES	IA	41	43	52	-93	43	22	333
30001831	KDOX	DOVER_AFB	DE	38	49	33	-75	26	24	49
30001832	KDTX	DETROIT	MI	42	42	0	-83	28	18	370
30001833	KDVN	DAVENPORT	IA	41	36	42	-90	34	51	259
30001834	KDYX	DYESS_AFB	TX	32	32	19	-99	15	16	482
30001835	KEAX	KANSAS_CITY	MO	38	48	37	-94	15	52	332
30001836	KEMX	TUCSON	AZ	31	53	37	-110	37	49	1621
30001837	KENX	ALBANY	NY	42	35	12	-74	3	51	589
30001838	KEOX	FORT_RUCKER	AL	31	27	38	-85	27	34	163
30001839	KEPZ	EL_PASO	NM	31	52	23	-106	41	53	1285
30001841	KESX	LAS_VEGAS	NV	35	42	5	-114	53	30	1508
30001842	KEVX	EGLIN_AFB	FL	30	33	54	-85	55	18	67
30001843	KEWX	AUSTIN_SAN_ANTO	TX	29	42	15	-98	1	43	233
30001943	KEYX	EDWARDS	CA	35	5	52	-117	33	39	875
30001844	KFCX	ROANOKE	VA	37	1	28	-80	16	26	903
30001845	KFDR	ALTUS_AFB	OK	34	21	44	-98	58	36	400
30001846	KFDX	CANNON_AFB	NM	34	38	3	-103	37	8	1431
30001847	KFFC	ATLANTA	GA	33	21	49	-84	33	57	296
30001944	KFSD	SIOUX_FALLS	SD	43	35	16	-96	43	46	455
30001848	KFSX	FLAGSTAFF	AZ	34	34	28	-111	11	54	2290
30001849	KFTG	DENVER_FRONT_RA	CO	39	47	12	-104	32	45	1710
30001850	KFWS	DALLAS	TX	32	34	23	-97	18	11	236
30001851	KGGW	GLASGOW	MT	48	12	23	-106	37	29	726
30001852	KGJX	GRAND_JUNCTION	CO	39	3	44	-108	12	50	3078
30001853	KGLD	GOODLAND	KS	39	22	1	-101	42	1	1132
30001854	KGRB	GREEN_BAY	WI	44	29	55	-88	6	40	250
30001855	KGRK	FORT_HOOD	TX	30	43	19	-97	22	59	183
30001856	KGRR	GRAND_RAPIDS	MI	42	53	38	-85	32	42	266
30001857	KGSP	GREER	SC	34	52	60	-82	13	11	325
30001858	KGWX	COLUMBUS_AFB	MS	33	53	49	-88	19	45	179
30001859	KGYX	PORTLAND	ME	43	53	29	-70	15	23	144
30155227	KHDC	HAMMOND_MUNICIP	LA	30	31	15	-90	25	3	13
30001945	KHDX	HOLLOMAN_AFB	NM	33	4	37	-106	7	12	1301
30001860	KHGX	HOUSTON	TX	29	28	19	-95	4	43	35
30001861	KHNX	SAN_JOAQUIN_VAL	CA	36	18	51	-119	37	56	103
30001862	KHPX	FORT_CAMPBELL	KY	36	44	13	-87	17	8	186
30001863	KHTX	HUNTSVILLE	AL	34	55	50	-86	5	1	566
30001864	KICT	WICHITA	KS	37	39	16	-97	26	35	426
30001865	KICX	CEDAR_CITY	UT	37	35	28	-112	51	44	3278
30001866	KILN	CINCINNATI	OH	39	25	14	-83	49	17	356
30001867	KILX	LINCOLN	IL	40	9	2	-89	20	12	222
30001868	KIND	INDIANAPOLIS	IN	39	42	27	-86	16	49	270
30001869	KINX	TULSA	OK	36	10	30	-95	33	51	228
30001870	KIWA	PHOENIX	AZ	33	17	21	-111	40	12	434
30001871	KIWX	FORT_WAYNE	IN	41	21	31	-85	42	0	321
30001872	KJAX	JACKSONVILLE	FL	30	29	5	-81	42	7	48
30001873	KJGX	ROBINS_AFB	GA	32	40	32	-83	21	3	188
30001874	KJKL	JACKSON	KY	37	35	27	-83	18	47	445
30001875	KLBB	LUBBOCK	TX	33	39	15	-101	48	51	1029
30001876	KLCH	LAKE_CHARLES	LA	30	7	31	-93	12	57	41
30078818	KLGX	LANGLEY_HILL_NW	WA	47	7	1	-124	6	24	111
30001877	KLIX	NEW_ORLEANS	LA	30	20	12	-89	49	32	54
30001878	KLNX	NORTH_PLATTE	NE	41	57	29	-100	34	34	948
30001879	KLOT	CHICAGO	IL	41	36	16	-88	5	4	231
30001880	KLRX	ELKO	NV	40	44	22	-116	48	10	2101
30001881	KLSX	ST_LOUIS	MO	38	41	55	-90	40	58	220
30001882	KLTX	WILMINGTON	NC	33	59	21	-78	25	45	44
30001883	KLVX	LOUISVILLE	KY	37	58	31	-85	56	38	253
30001884	KLWX	STERLING	VA	38	58	34	-77	29	15	123
30001885	KLZK	LITTLE_ROCK	AR	34	50	11	-92	15	44	197
30001886	KMAF	MIDLAND_ODESSA	TX	31	56	36	-102	11	21	902
30001887	KMAX	MEDFORD	OR	42	4	52	-122	43	2	2304
30001888	KMBX	MINOT_AFB	ND	48	23	35	-100	51	52	484
30001889	KMHX	MOREHEAD_CITY	NC	34	46	33	-76	52	34	44
30001890	KMKX	MILWAUKEE	WI	42	58	4	-88	33	2	311
30001891	KMLB	MELBOURNE	FL	28	6	47	-80	39	15	45
30001892	KMOB	MOBILE	AL	30	40	46	-88	14	24	88
30001893	KMPX	MINNEAPOLIS	MN	44	50	56	-93	33	56	335
30001894	KMQT	MARQUETTE	MI	46	31	52	-87	32	54	464
30001895	KMRX	KNOXVILLE	TN	36	10	7	-83	24	7	437
30001896	KMSX	MISSOULA	MT	47	2	28	-113	59	10	2431
30001897	KMTX	SALT_LAKE_CITY	UT	41	15	46	-112	26	52	2009
30001898	KMUX	SAN_FRANCISCO	CA	37	9	19	-121	53	54	1082
30001899	KMVX	GRAND_FORKS	ND	47	31	40	-97	19	32	330
30001900	KMXX	MAXWELL_AFB	AL	32	32	12	-85	47	23	170
30001901	KNKX	SAN_DIEGO	CA	32	55	8	-117	2	30	320
30001902	KNQA	MEMPHIS	TN	35	20	41	-89	52	24	132
30001903	KOAX	OMAHA	NE	41	19	13	-96	22	1	384
30001904	KOHX	NASHVILLE	TN	36	14	50	-86	33	45	206
30001905	KOKX	NEW_YORK_CITY	NY	40	51	56	-72	51	50	60
30001906	KOTX	SPOKANE	WA	47	40	50	-117	37	36	746
30126015	KOUN	NORMAN_NSSL	OK	35	14	10	-97	27	44	391
30001907	KPAH	PADUCAH	KY	37	4	6	-88	46	19	154
30001908	KPBZ	PITTSBURGH	PA	40	31	54	-80	13	5	385
30001909	KPDT	PENDLETON	OR	45	41	26	-118	51	11	481
30001910	KPOE	FORT_POLK	LA	31	9	19	-92	58	34	144
30001911	KPUX	PUEBLO	CO	38	27	34	-104	10	53	1634
30001912	KRAX	RALEIGH_DURHAM	NC	35	39	56	-78	29	23	140
30001913	KRGX	RENO	NV	39	45	15	-119	27	43	2559
30001914	KRIW	RIVERTON	WY	43	3	58	-108	28	38	1716
30001915	KRLX	CHARLESTON	WV	38	18	40	-81	43	22	369
30001916	KRTX	PORTLAND	OR	45	42	54	-122	57	54	526
30001917	KSFX	POCATELLO	ID	43	6	20	-112	41	10	1383
30001918	KSGF	SPRINGFIELD	MO	37	14	7	-93	24	2	419
30001920	KSHV	SHREVEPORT	LA	32	27	3	-93	50	29	117
30001921	KSJT	SAN_ANGELO	TX	31	22	17	-100	29	33	610
30001922	KSOX	SANTA_ANA_MOUNT	CA	33	49	4	-117	38	10	946
30001948	KSRX	FORT_SMITH	AR	35	17	26	-94	21	43	224
30001923	KTBW	TAMPA	FL	27	42	20	-82	24	6	37
30001925	KTFX	GREAT_FALLS	MT	47	27	34	-111	23	7	1159
30001924	KTLH	TALLAHASSEE	FL	30	23	51	-84	19	44	53
30001926	KTLX	OKLAHOMA_CITY	OK	35	20	0	-97	16	40	389
30001927	KTWX	TOPEKA	KS	38	59	49	-96	13	57	431
30001946	KTYX	FORT_DRUM	NY	43	45	20	-75	40	47	597
30001928	KUDX	RAPID_CITY	SD	44	7	29	-102	49	48	973
30001929	KUEX	HASTINGS	NE	40	19	15	-98	26	31	626
30001947	KVAX	MOODY_AFB	GA	30	53	25	-83	0	7	100
30001930	KVBX	VANDENBERG_AFB	CA	34	50	19	-120	23	52	412
30001931	KVNX	VANCE_AFB	OK	36	44	26	-98	7	40	383
30001932	KVTX	LOS_ANGELES	CA	34	24	43	-119	10	43	855
30001609	KVWX	EVANSVILLE	IN	38	15	37	-87	43	28	190
30001934	KYUX	YUMA	AZ	32	29	43	-114	39	24	72
30001938	LPLA	LAJES_AB		38	43	49	-27	19	18	1016
30001939	PABC	BETHEL_FAA	AK	60	47	31	-161	52	35	58
30001940	PACG	SITKA	AK	56	51	10	-135	31	45	82
30001941	PAEC	NOME	AK	64	30	41	-165	17	42	27
30001942	PAHG	ANCHORAGE	AK	60	43	33	-151	21	5	108
30001958	PAIH	MIDDLETON_ISLAN	AK	59	27	39	-146	18	12	40
30001959	PAKC	KING_SALMON	AK	58	40	46	-156	37	46	43
30001960	PAPD	FAIRBANKS	AK	65	2	6	-147	30	5	825
30001961	PGUA	ANDERSEN_AFB_AG	GU	13	27	21	144	48	40	117
30001962	PHKI	SOUTH_KAUAI	HI	21	53	38	-159	33	9	103
30001963	PHKM	KAMUELA	HI	20	7	31	-155	46	40	1208
30001964	PHMO	MOLOKAI	HI	21	7	58	-157	10	49	440
30001965	PHWA	SOUTH_SHORE	HI	19	5	42	-155	34	8	445
30001967	RKJK	KUNSAN		35	55	27	126	37	20	58
30001968	RKSG	CAMP_HUMPHREYS		37	12	27	127	17	8	463
30001969	RODN	KADENA		26	18	28	127	54	12	125
30112653	TADW	ANDREWS_AFB	MD	38	41	42	-76	50	42	104
30112655	TATL	ATLANTA	GA	33	38	49	-84	15	43	327
30112680	TBNA	NASHVILLE	TN	35	58	48	-86	39	43	249
30112656	TBOS	BOSTON	MA	42	9	29	-70	55	59	79
30112657	TBWI	BALTIMORE_WASHI	MD	39	5	24	-76	37	48	91
30112658	TCLT	CHARLOTTE	NC	35	20	13	-80	53	6	264
30112662	TCMH	COLUMBUS	OH	40	0	22	-82	42	54	349
30112663	TCVG	COVINGTON	KY	38	53	53	-84	34	48	320
30112664	TDAL	DALLAS_LOVE_FIE	TX	32	55	34	-96	58	5	189
30112666	TDAY	DAYTON	OH	40	1	19	-84	7	23	310
30112699	TDCA	WASHINGTON_NATI	MD	38	45	32	-76	57	43	104
30112667	TDEN	DENVER	CO	39	43	41	-104	31	34	1737
30112665	TDFW	DALLAS_FT_WORTH	TX	33	3	54	-96	55	5	178
30112668	TDTW	DETROIT	MI	42	6	40	-83	30	54	235
30112683	TEWR	NEWARK	NJ	40	35	35	-74	16	12	41
30112670	TFLL	FT_LAUDERDALE	FL	26	8	35	-80	20	38	36
30112671	THOU	HOUSTON_HOBBY	TX	29	30	58	-95	14	31	35
30112697	TIAD	WASHINGTON_DULL	VA	39	5	2	-77	31	44	143
30112672	TIAH	HOUSTON_INTERNA	TX	30	3	54	-95	34	1	77
30112701	TICH	WICHITA	KS	37	30	25	-97	26	13	412
30112673	TIDS	INDIANAPOLIS	IN	39	38	13	-86	26	10	257
30110220	TJBQ	RAFAEL_HERNANDE	PR	18	29	6	-67	8	35	85
30112682	TJFK	NEW_YORK_CITY_J	NY	40	35	20	-73	52	52	34
30110221	TJRV	JOSE_APONTE_DE_	PR	18	15	22	-65	38	13	15
30001966	TJUA	SAN_JUAN	PR	18	6	56	-66	4	41	901
30112675	TLAS	LAS_VEGAS	NV	36	8	38	-115	0	25	626
30112661	TLVE	CLEVELAND	OH	41	17	24	-82	0	29	284
30112674	TMCI	KANSAS_CITY	MO	39	29	53	-94	44	31	331
30112685	TMCO	ORLANDO_INTERNA	FL	28	20	38	-81	19	34	52
30112659	TMDW	CHICAGO_MIDWAY	IL	41	39	4	-87	43	48	232
30112686	TMEM	MEMPHIS	MS	34	53	46	-89	59	35	146
30112677	TMIA	MIAMI	FL	25	45	29	-80	29	28	38
30112678	TMKE	MILWAUKEE	WI	42	49	8	-88	2	46	284
30112679	TMSP	MINNEAPOLIS	MN	44	52	16	-92	55	59	341
30112681	TMSY	NEW_ORLEANS	LA	30	1	19	-90	24	11	29
30112684	TOKC	NORMAN_WFO	OK	35	16	34	-97	30	36	398
30112660	TORD	CHICAGO_OHARE	IL	41	47	49	-87	51	29	227
30112700	TPBI	WEST_PALM_BEACH	FL	26	41	17	-80	16	23	41
30112688	TPHL	PHILADELPHIA	NJ	39	56	56	-75	4	8	46
30112689	TPHX	PHOENIX	AZ	33	25	16	-112	9	47	331
30112690	TPIT	PITTSBURGH	PA	40	30	4	-80	29	10	422
30112691	TRDU	RALEIGH	NC	36	0	7	-78	41	49	156
30112676	TSDF	LOUISVILLE	KY	38	2	46	-85	36	36	223
30112693	TSJU	SAN_JUAN	PR	18	28	26	-66	10	44	47
30112692	TSLC	SALT_LAKE_CITY	UT	40	58	1	-111	55	48	1309
30112694	TSTL	ST_LOUIS	MO	38	48	18	-90	29	20	196
30112695	TTPA	TAMPA	FL	27	51	36	-82	31	5	28
30112696	TTUL	TULSA	OK	36	4	16	-95	49	37	250
